4
150
200
250
300
4
150
3
0.41
0.51
0.63
12
0.28
0.36
0.44
36
0.23
0.29
0.37
60
0.22
0.28
0.35
4
200
3
0.45
0.56
0.7
12
0.3
0.38
0.48
36
0.24
0.31
0.39
60
0.23
0.29
0.38
4
250
3
0.45
0.57
0.71
12
0.3
0.38
0.49
36
0.24
0.31
0.39
60
0.23
0.29
0.38
4
300
3
0.46
0.58
0.73
12
0.3
0.39
0.5
36
0.24
0.31
0.4
60
0.23
0.3
0.39
15
0
9
1
200
12
3.5
40.0
1
1
24.0
510.0
12
14
1
200
12
3.5
40.0
1
2
24.0
510.0
12
14
1
200
12
3.5
40.0
1
3
24.0
510.0
12
14
1
200
12
3.5
40.0
1
4
24.0
510.0
12
14
1
200
12
3.5
40.0
1
5
24.0
510.0
12
14
1
200
12
3.5
40.0
1
6
24.0
510.0
12
14
1
200
12
3.5
40.0
1
7
24.0
510.0
12
14
1
200
12
3.5
40.0
1
8
24.0
510.0
12
14
1
200
12
3.5
40.0
1
9
24.0
510.0
12
14
14
1
200
14
3.5
40.0
2
10
24.0
630.0
12
14
1
200
14
3.5
40.0
2
47
25.69978666175118
630.0
-1
-1
1
200
14
3.5
40.0
2
48
25.69978666175118
630.0
-1
-1
1
200
14
3.5
40.0
2
13
24.0
630.0
12
14
1
200
14
3.5
40.0
2
14
24.0
630.0
12
14
1
200
14
3.5
40.0
2
15
24.0
630.0
12
14
1
200
14
3.5
40.0
2
49
25.69978666175118
630.0
-1
-1
1
200
14
3.5
40.0
2
50
25.69978666175118
630.0
-1
-1
1
200
14
3.5
40.0
2
51
25.69978666175118
630.0
-1
-1
1
200
14
3.5
40.0
2
52
25.69978666175118
630.0
-1
-1
1
200
14
3.5
40.0
2
20
24.0
630.0
12
14
1
200
14
3.5
40.0
2
21
24.0
630.0
12
14
1
200
14
3.5
40.0
2
22
24.0
630.0
12
14
1
200
14
3.5
40.0
2
23
24.0
630.0
12
14
9
1
250
14
2.0
40.0
3
24
26.0
510.0
12
14
1
250
14
2.0
40.0
3
25
26.0
510.0
12
14
1
250
14
2.0
40.0
3
26
26.0
510.0
12
14
1
250
14
2.0
40.0
3
27
26.0
510.0
12
14
1
250
14
2.0
40.0
3
28
26.0
510.0
12
14
1
250
14
2.0
40.0
3
29
26.0
510.0
12
14
1
250
14
2.0
40.0
3
30
26.0
510.0
12
14
1
250
14
2.0
40.0
3
31
26.0
510.0
12
14
1
250
14
2.0
40.0
3
32
26.0
510.0
12
14
14
1
250
14
2.0
45.0
4
33
28.0
630.0
12
14
1
250
14
2.0
45.0
4
34
28.0
630.0
12
14
1
250
14
2.0
45.0
4
35
28.0
630.0
12
14
1
250
14
2.0
45.0
4
36
28.0
630.0
12
14
1
250
14
2.0
45.0
4
37
28.0
630.0
12
14
1
250
14
2.0
45.0
4
38
28.0
630.0
12
14
1
250
14
2.0
45.0
4
39
28.0
630.0
12
14
1
250
14
2.0
45.0
4
40
28.0
630.0
12
14
1
250
14
2.0
45.0
4
41
28.0
630.0
12
14
1
250
14
2.0
45.0
4
42
28.0
630.0
12
14
1
250
14
2.0
45.0
4
43
28.0
630.0
12
14
1
250
14
2.0
45.0
4
44
28.0
630.0
12
14
1
250
14
2.0
45.0
4
45
28.0
630.0
12
14
1
250
14
2.0
45.0
4
46
28.0
630.0
12
14
0
0
0
0
0
0
0
0
0
0
